%YAML:1.0
---
high_transform_martix: !!opencv-matrix
   rows: 3
   cols: 3
   dt: f
   data: [ 1.84531435e-01, 5.38150668e-01, -4.30906152e+03,
       -1.21724463e+00, -1.92597330e+00, 2.33834399e+03, 1.12061673e-04,
       -5.24768326e-03, 1. ]
low_transform_martix: !!opencv-matrix
   rows: 3
   cols: 3
   dt: f
   data: [ 1.25792623e-01, 5.93423367e-01, -4.09404395e+03,
       -1.21437120e+00, -1.58312273e+00, 2.24464966e+03, -7.00648379e-05,
       -4.24587168e-03, 1. ]
