%YAML:1.0
---
high_transform_martix: !!opencv-matrix
   rows: 3
   cols: 3
   dt: f
   data: [ 2.91206717e-01, -1.85705566e+00, 1.51608411e+03,
       1.09157920e+00, 2.76478440e-01, -2.43479446e+02, 3.34859651e-04,
       1.76482403e-03, 1. ]
low_transform_martix: !!opencv-matrix
   rows: 3
   cols: 3
   dt: f
   data: [ -2.29582667e-01, -6.93631947e-01, 2.39416504e+03,
       1.40360844e+00, 2.19080496e+00, -8.23341980e+02, -3.35913588e-04,
       6.12991909e-03, 1. ]
