%YAML:1.0
---
high_transform_martix: !!opencv-matrix
   rows: 3
   cols: 3
   dt: f
   data: [ -3.02336216e-01, 1.37963998e+00, -2.24768774e+03,
       -1.65497875e+00, -2.38820624e+00, 1.62038464e+03, -2.37712768e-04,
       -6.32698275e-03, 1. ]
low_transform_martix: !!opencv-matrix
   rows: 3
   cols: 3
   dt: f
   data: [ 2.58086383e-01, 9.21978474e-01, -3.07163550e+03,
       -1.83392155e+00, -2.75578976e+00, 1.83126770e+03, 3.61509301e-04,
       -7.96962064e-03, 1. ]
