%YAML:1.0
---
high_transform_martix: !!opencv-matrix
   rows: 3
   cols: 3
   dt: f
   data: [ -9.46605384e-01, 3.51883459e+00, 7.91211035e+03,
       3.80287123e+00, 1.03300505e+01, -1.56601526e+03, -3.26168287e-04,
       6.23213453e-03, 1. ]
low_transform_martix: !!opencv-matrix
   rows: 3
   cols: 3
   dt: f
   data: [ -1.02323091e+00, 3.85886168e+00, 8.85176367e+03,
       4.50247955e+00, 1.10335703e+01, -2.08868726e+03, -3.25023633e-04,
       6.57362165e-03, 1. ]
